np.float64
[194.08074416  67.83293855 107.23690662  76.25138317 103.39079325
  57.97452833 186.85456357  57.56289323 106.79128028  81.10765564
 104.72885769  65.47990777  82.70619827  50.54072469 132.45473354
  69.03811826 262.34768923  63.89415992 274.73094561  63.48064363
  80.18425508  56.9742525  124.4600508   38.33017721  72.1341909
  69.90139239 123.24927815  50.70676144  69.11941275  42.86541025
 116.186595    65.32497218  26.67686738  14.06641524  54.69763939
  33.42312618  20.54280151  18.85007762 112.68608157  34.11532012
  28.28074837  23.66477202  63.47276047  25.67551896  33.19128899
  21.43103369  95.97926568  44.13767082  29.92248907  18.82875356
  46.36468398  28.37768129  13.68901401  19.35154844  56.37140732
  19.66509726  35.03021036  34.0053814   68.0177621   43.03156057
  20.74196972  25.24341412 114.80712233  42.02389821] [[65.22933847 47.19240677 45.50451988 36.15447904]
 [17.21527898 18.43657479 15.80846724 16.37261754]
 [29.39273533 20.15680858 29.15585211 28.5315106 ]
 [20.8115259  17.49242005 18.41712022 19.53031701]
 [31.00754636 31.12067123 20.18710294 21.07547271]
 [11.54940128 18.80335744 14.16242342 13.45934619]
 [51.15821042 34.47849696 52.74756619 48.47029   ]
 [15.63622845 11.84767223 15.98590002 14.09309254]
 [35.03855645 29.36431817 21.26242344 21.12598222]
 [17.5660327  25.39557475 18.97242322 19.17362497]
 [27.84099638 23.76218702 22.53475661 30.59091768]
 [17.38674514 14.71393462 17.3148329  16.06439512]
 [23.57522575 20.74815828 21.65753865 16.72527558]
 [ 7.88443353 15.72555644 14.99219869 11.93853603]
 [34.11419378 22.76970677 39.34263606 36.22819693]
 [18.41231424 15.26381896 21.56579102 13.79619404]
 [93.29313739 72.21313394 50.40856802 46.43284989]
 [13.37514115 20.27018269 13.28388458 16.96495149]
 [75.10152221 60.93983412 63.73869639 74.95089288]
 [15.13988425 14.58253991 14.77996347 18.97825601]
 [23.73439489 26.58168388 12.4357289  17.43244741]
 [10.99320431 19.14862404 12.34796864 14.48445551]
 [34.19063852 26.01549508 30.87605709 33.37786012]
 [ 9.67390426  9.1724313   9.15174112 10.33210052]
 [20.75202981 21.76285945 13.73568686 15.88361479]
 [13.34449295 22.10808273 14.91482923 19.53398747]
 [31.54368571 28.76013408 24.75496055 38.19049782]
 [10.42452671 12.96073666 12.39581758 14.92568049]
 [18.92046126 18.79954397 16.96426901 14.43513852]
 [ 6.14969276 14.51308388 11.61643094 10.58620267]
 [30.05598084 22.40024164 32.20681213 31.52356038]
 [17.93131423 15.87975447 17.62512017 13.88878331]
 [ 7.54436076  5.16506225  7.97707465  5.99036971]
 [ 2.55725035  2.9059112   4.39948098  4.20377271]
 [12.21583953  8.71905949 16.44307663 17.31966374]
 [ 7.1125368   5.10830546 10.85033035 10.35195357]
 [ 5.25343922  5.4447477   4.75485535  5.08975924]
 [ 2.71085586  5.2585159   5.18247765  5.69822821]
 [26.4553908  18.71833654 34.98219944 32.53015479]
 [ 7.82878032  5.84734517 11.58343558  8.85575905]
 [ 7.87777409  6.97182305  7.04503038  6.38612085]
 [ 3.99763622  4.95819837  7.91445872  6.79447871]
 [14.29264526 12.60636621 14.51638486 22.05736413]
 [ 5.4337654   4.3595586   8.51932558  7.36286938]
 [ 7.62165149  7.34976877 10.89568903  7.3241797 ]
 [ 2.27719118  5.22711999  8.35775938  5.56896314]
 [19.94665365 15.05216933 30.13636911 30.84407359]
 [ 9.9962809   8.03405799 16.23797973  9.8693522 ]
 [ 8.25239733  6.97354343  7.7059304   6.99061791]
 [ 2.9967149   4.19907561  5.04879128  6.58417177]
 [ 8.71912746  7.12198561 13.61635209 16.90721882]
 [ 4.97350916  4.62920538  7.73167853 11.04328821]
 [ 3.34778196  4.65881005  1.43487806  4.24754394]
 [ 2.49105137  5.60212581  4.83553123  6.42284003]
 [11.54824239  9.00306907 17.84507709 17.97501877]
 [ 4.07317721  3.54072948  6.17345976  5.87773081]
 [ 7.97797024  9.04171743  8.46010173  9.55042096]
 [ 5.17655856  7.77422541  9.21334641 11.84125102]
 [12.93403321 14.0523672  15.1521864  25.87917529]
 [ 7.84668223  8.17034869 12.20131348 14.81321618]
 [ 4.33403816  4.91678008  6.64942475  4.84172672]
 [ 2.53340011  6.98781451  8.80554801  6.9166515 ]
 [24.29988851 19.49115556 35.08148918 35.93458909]
 [ 9.58778141  8.75725674 14.06791128  9.61094878]]
 
np.float32
[194.1031    67.67249  106.4318    75.90228  103.741974  58.431797
 187.8936    57.954807 107.09931   81.21586  104.68952   65.81205
  83.323524  50.72745  134.18156   69.01151  270.22958   63.791645
 271.3466    63.6138    80.277435  57.23981  123.51661   38.407795
  71.680855  70.16425  123.322914  50.58109   69.403114  42.794285
 116.46928   65.442665  26.667545  14.065813  54.443287  33.47621
  20.565622  18.858845 112.72831   34.093876  28.274736  23.712175
  63.579548  25.699345  33.18941   21.433443  95.85407   44.03005
  29.966145  18.829035  46.398746  28.352783  13.734682  19.328022
  56.51015   19.664156  35.115498  34.11356   67.995674  42.943638
  20.72263   25.211153 114.97593   41.998386] [[65.236855  47.19784   45.50976   36.158646 ]
 [17.174559  18.392967  15.771075  16.33389  ]
 [29.172062  20.005476  28.936958  28.317305 ]
 [20.716242  17.412334  18.3328    19.4409   ]
 [31.112867  31.226377  20.25567   21.147058 ]
 [11.640496  18.951668  14.274128  13.565506 ]
 [51.44268   34.67022   53.04088   48.73982  ]
 [15.742688  11.928337  16.09474   14.189046 ]
 [35.13962   29.449018  21.323755  21.18692  ]
 [17.589466  25.429453  18.997734  19.199203 ]
 [27.830538  23.753262  22.526293  30.579428 ]
 [17.474937  14.78857   17.402662  16.14588  ]
 [23.751196  20.903027  21.819193  16.850115 ]
 [ 7.9135633 15.783656  15.047589  11.982644 ]
 [34.558945  23.066559  39.855553  36.700512 ]
 [18.405218  15.2579365 21.55748   13.790877 ]
 [96.09601   74.38268   51.92303   47.82786  ]
 [13.353682  20.237661  13.262571  16.937733 ]
 [74.17636   60.18913   62.953514  74.02759  ]
 [15.171641  14.613128  14.810966  19.018064 ]
 [23.761978  26.612576  12.450181  17.452705 ]
 [11.044444  19.237877  12.405523  14.551968 ]
 [33.931465  25.818289  30.642008  33.124847 ]
 [ 9.693493   9.191005   9.170273  10.353024 ]
 [20.62161   21.62609   13.649363  15.783792 ]
 [13.394674  22.19122   14.970916  19.607445 ]
 [31.56253   28.777317  24.76975   38.213318 ]
 [10.398691  12.928614  12.365096  14.888688 ]
 [18.998121  18.876707  17.0339    14.494388 ]
 [ 6.139488  14.489001  11.597156  10.568637 ]
 [30.129108  22.45474   32.28517   31.600256 ]
 [17.963621  15.908364  17.656874  13.913806 ]
 [ 7.5417247  5.1632576  7.9742875  5.9882765]
 [ 2.557141   2.905787   4.399293   4.203593 ]
 [12.159034   8.6785145 16.366613  17.239124 ]
 [ 7.123833   5.116419  10.867564  10.368396 ]
 [ 5.2592754  5.450796   4.7601376  5.095413 ]
 [ 2.7121167  5.2609615  5.184888   5.700878 ]
 [26.465305  18.725351  34.995308  32.542343 ]
 [ 7.823859   5.8436694 11.576155   8.850192 ]
 [ 7.876099   6.970341   7.043533   6.3847632]
 [ 4.005644   4.96813    7.9303126  6.808089 ]
 [14.316691  12.627575  14.540807  22.094475 ]
 [ 5.438808   4.3636045  8.527232   7.3697023]
 [ 7.621221   7.3493533 10.895073   7.323766 ]
 [ 2.2774472  5.2277074  8.358699   5.569589 ]
 [19.920635  15.032534  30.097057  30.80384  ]
 [ 9.971906   8.014467  16.198385   9.845286 ]
 [ 8.264438   6.9837184  7.7171736  7.0008173]
 [ 2.9967597  4.199138   5.0488667  6.5842705]
 [ 8.7255335  7.127218  13.626356  16.91964  ]
 [ 4.969146   4.625144   7.724895  11.033599 ]
 [ 3.3589506  4.6743526  1.4396651  4.2617145]
 [ 2.4880228  5.595315   4.8296523  6.4150314]
 [11.576665   9.0252285 17.888998  18.01926  ]
 [ 4.0729823  3.54056    6.1731644  5.8774495]
 [ 7.997394   9.063731   8.4807     9.573672 ]
 [ 5.1930265  7.798957   9.242656  11.878921 ]
 [12.929833  14.047803  15.147265  25.870771 ]
 [ 7.83065    8.153655  12.176384  14.782949 ]
 [ 4.329997   4.9121957  6.6432247  4.8372126]
 [ 2.5301623  6.9788837  8.794294   6.9078116]
 [24.335617  19.519814  35.13307   35.987427 ]
 [ 9.581961   8.75194   14.059371   9.605114 ]]


np.float64
[198.00963774  67.8591814  107.79851245  76.55584096 104.36446478
  58.08925584 187.13313222  56.75195608 107.70466111  81.34076188
 105.81108321  69.79169661  83.77491481  50.68514676 133.63019749
  68.92155385 262.37740323  63.94172381 275.05665479  63.52577634
  80.21121626  57.26952511 125.66747574  38.61022641  74.31339977
  70.29590288 123.76417567  51.0624159   71.059583    42.86854589
 116.28383818  66.65240338  27.12867763  14.74713296  55.08252202
  33.43972799  20.61796471  19.0991262  113.23964364  34.13398519
  28.52717938  23.76112132  63.98733704  25.74951034  33.29692985
  21.76357443  96.46691487  44.23909811  30.37752094  19.28088083
  46.793456    28.49476174  13.69381949  19.59528449  56.80146198
  20.57190915  34.87050636  34.03138645  68.08605338  43.09702903
  20.78031443  25.58909535 117.21600897  42.59480453] [[66.38967296 48.34648607 46.42580426 36.84767445]
 [17.22914254 18.43707072 15.8153799  16.37758824]
 [29.5238154  20.26627032 29.31306032 28.69536641]
 [20.8822734  17.57773368 18.48550923 19.61032465]
 [31.34760027 31.36984643 20.37847956 21.26853852]
 [11.58070764 18.836335   14.19217343 13.48003977]
 [51.11862586 34.61301248 52.83374117 48.56775271]
 [15.42087692 11.78199169 15.61435361 13.93473387]
 [35.34507786 29.60051192 21.45570291 21.30336842]
 [17.61989987 25.4607057  19.03273664 19.22741967]
 [28.05616739 24.03243127 22.75766239 30.96482216]
 [18.51177649 15.63088352 18.48911392 17.15992269]
 [23.89259749 21.01529826 21.93291123 16.93410783]
 [ 7.90747929 15.77123944 15.03327038 11.97315764]
 [34.40149628 22.96158565 39.69897903 36.56813652]
 [18.38436884 15.25322662 21.51945365 13.76450475]
 [93.30398517 72.22090971 50.41556795 46.4369404 ]
 [13.38385586 20.28609484 13.29418887 16.97758424]
 [75.19247324 61.01086226 63.81432415 75.03899513]
 [15.15098943 14.59395492 14.7879778  18.99285419]
 [23.73991691 26.59206648 12.44085718 17.4383757 ]
 [11.12225713 19.19897568 12.41185614 14.53643617]
 [34.51406704 26.27701471 31.17273881 33.70365519]
 [ 9.75109155  9.24301661  9.20619806 10.40992018]
 [21.56037067 22.28363205 14.20764621 16.26175085]
 [13.43886754 22.22185884 14.99487941 19.64029709]
 [31.66086711 28.86723867 24.86085463 38.37521525]
 [10.49752348 13.0389833  12.4871514  15.03875772]
 [19.54654565 19.26902263 17.4577111  14.78630363]
 [ 6.15455568 14.5083164  11.62136214 10.58431168]
 [29.73261661 22.50366381 32.41091655 31.63664121]
 [18.30616433 16.16860332 18.00628431 14.17135142]
 [ 7.67891178  5.2602258   8.09728323  6.09225683]
 [ 2.73467488  3.10543704  4.60198861  4.30503244]
 [12.28867048  8.77250417 16.56178726 17.45956011]
 [ 7.11646912  5.11135918 10.85502618 10.3568735 ]
 [ 5.27380021  5.46607441  4.77294494  5.10514514]
 [ 2.7495946   5.33148937  5.24713991  5.77090232]
 [26.58505398 18.8102665  35.14709788 32.69722528]
 [ 7.83341532  5.85127323 11.58922555  8.86007109]
 [ 7.92057571  7.02921138  7.09927477  6.47811752]
 [ 4.015873    4.97987475  7.93944547  6.8259281 ]
 [14.38432148 12.70757147 14.62443007 22.27101402]
 [ 5.44803207  4.37003805  8.54834671  7.38309351]
 [ 7.64319457  7.37319172 10.92851054  7.35203302]
 [ 2.30711812  5.31391929  8.47606184  5.66647518]
 [20.05137371 15.12147481 30.31400454 30.9800618 ]
 [10.0161751   8.04990819 16.27985246  9.89316236]
 [ 8.38138127  7.08328418  7.82336119  7.08949431]
 [ 3.08127673  4.31784614  5.15342952  6.72832845]
 [ 8.80929052  7.19056222 13.75760816 17.0359951 ]
 [ 4.9945899   4.65086175  7.76853418 11.08077591]
 [ 3.34902485  4.66052996  1.43541077  4.24885392]
 [ 2.52118741  5.67420721  4.90393291  6.49595696]
 [11.63773082  9.06481145 17.98752036 18.11139935]
 [ 4.25996682  3.66569731  6.50624605  6.13999896]
 [ 7.94779035  8.98606847  8.42597435  9.5106732 ]
 [ 5.18016732  7.7804188   9.22041986 11.85038047]
 [12.94399414 14.06520735 15.16905672 25.90779518]
 [ 7.85873071  8.18258872 12.21853855 14.83717104]
 [ 4.34049901  4.92420143  6.66426488  4.85134911]
 [ 2.55804935  7.07431972  8.94117114  7.01555514]
 [24.8270227  19.8818303  35.74517409 36.76198187]
 [ 9.71358803  8.85801323 14.28840165  9.73480162]]


np.float32 + repeat correction
[203.28505    67.60429   108.275055   76.18296   103.71791    58.553932
 187.0393     56.669147  109.16181    81.40589   105.47871    69.71117
  83.22459    50.80779   135.90263    69.1604    263.0852     63.858932
 278.73907    64.14539    80.51734    57.44938   126.47791    38.43294
  74.43391    69.75318   124.77204    51.22019    70.88765    42.71665
 115.809395   66.75001    27.172892   14.742502   54.799152   33.400593
  20.59711    19.099794  112.608864   34.04227    28.557072   23.811176
  63.962955   25.774857   33.365788   21.77332    96.65504    44.394855
  30.443287   19.33028    46.75068    28.478899   13.7423725  19.600864
  56.801716   20.618517   34.950504   34.03272    68.01609    42.932087
  20.836231   25.653522  117.884476   42.497715 ] [[68.15844   49.634544  47.662693  37.82938  ]
 [17.164427  18.367817  15.755973  16.31607  ]
 [29.654333  20.355862  29.442646  28.822222 ]
 [20.780561  17.492117  18.395472  19.514809 ]
 [31.153399  31.175505  20.252232  21.136778 ]
 [11.673346  18.987013  14.305701  13.587872 ]
 [51.093     34.59566   52.80726   48.543404 ]
 [15.3983755 11.7648    15.591571  13.914401 ]
 [35.823265  30.000982  21.74598   21.591585 ]
 [17.634008  25.481092  19.047977  19.242815 ]
 [27.968037  23.95694   22.686176  30.867556 ]
 [18.490417  15.612848  18.46778   17.140121 ]
 [23.735643  20.877245  21.788832  16.822866 ]
 [ 7.926613  15.809401  15.069646  12.002129 ]
 [34.986507  23.352057  40.374077  37.18999  ]
 [18.44808   15.306087  21.594028  13.812205 ]
 [93.55569   72.41574   50.55157   46.56221  ]
 [13.366527  20.259829  13.276976  16.955603 ]
 [76.19914   61.82767   64.66866   76.04361  ]
 [15.298769  14.736301  14.932216  19.178106 ]
 [23.830519  26.693556  12.4883375 17.504929 ]
 [11.1571865 19.25927   12.450835  14.5820875]
 [34.736652  26.446476  31.373774  33.921013 ]
 [ 9.706318   9.200576   9.163926  10.362122 ]
 [21.595331  22.319769  14.230686  16.28812  ]
 [13.335113  22.050295  14.87911   19.488663 ]
 [31.918694  29.102316  25.063307  38.68772  ]
 [10.529959  13.07927   12.525734  15.085224 ]
 [19.499252  19.2224    17.415472  14.750528 ]
 [ 6.1327477 14.456908  11.580184  10.546807 ]
 [29.611305  22.411848  32.27868   31.507563 ]
 [18.332972  16.19228   18.032652  14.192103 ]
 [ 7.691427   5.268799   8.11048    6.102186 ]
 [ 2.7338161  3.1044621  4.600544   4.303681 ]
 [12.225451   8.727374  16.476585  17.36974  ]
 [ 7.1081405  5.105377  10.842322  10.344752 ]
 [ 5.268466   5.460546   4.7681174  5.0999813]
 [ 2.7496908  5.331676   5.2473235  5.7711043]
 [26.436968  18.705488  34.951317  32.51509  ]
 [ 7.8123674  5.8355517 11.558086   8.836265 ]
 [ 7.9288754  7.0365767  7.106714   6.4849057]
 [ 4.024333   4.9903655  7.956171   6.840308 ]
 [14.3788395 12.702729  14.618857  22.262527 ]
 [ 5.453395   4.3743396  8.556761   7.3903613]
 [ 7.6590004  7.3884397 10.951111   7.3672366]
 [ 2.308151   5.316299   8.479857   5.669012 ]
 [20.090475  15.150963  30.37312   31.040472 ]
 [10.05144    8.07825   16.337172   9.927995 ]
 [ 8.399527   7.098619   7.840298   7.1048427]
 [ 3.0891712  4.328909   5.166633   6.745567 ]
 [ 8.801238   7.1839895 13.745032  17.020422 ]
 [ 4.9918094  4.6482725  7.7642093 11.074608 ]
 [ 3.3608992  4.6770544  1.4405001  4.263919 ]
 [ 2.5219052  5.675823   4.9053297  6.497807 ]
 [11.637783   9.064852  17.9876    18.11148  ]
 [ 4.269618   3.6740024  6.5209866  6.15391  ]
 [ 7.966024   9.006684   8.445305   9.532492 ]
 [ 5.18037    7.780723   9.22078   11.850844 ]
 [12.930693  14.050755  15.15347   25.881174 ]
 [ 7.8286533  8.151272  12.171776  14.780386 ]
 [ 4.3521786  4.937452   6.6821976  4.8644037]
 [ 2.56449    7.092131   8.963683   7.033219 ]
 [24.968609  19.995214  35.949024  36.97163  ]
 [ 9.691448   8.837823  14.255834   9.712613 ]]
 
log gamma avx2 (lookup) + np.float32 + repeact correction
 [204.9458    68.929146 104.957344  78.426186 102.79505   57.702797
 195.86063   57.629047 108.21271   79.23407  107.37641   71.26625
  84.30995   50.670628 136.4493    71.811104 268.89233   65.10822
 378.4462    62.58672   78.69254   57.619087 129.62646   38.569645
  77.05714   70.4614   130.96497   50.681435  71.83329   43.17899
 121.995094  67.781075  26.997812  14.805     55.93128   33.96123
  20.387407  18.839296 116.16267   33.911324  28.54201   23.483067
  66.39454   25.665592  33.305637  21.418726 103.119095  44.47112
  30.446247  19.376102  46.716805  28.351564  13.674581  19.579416
  56.5497    20.61162   34.671726  34.65845   68.453255  43.17725
  21.010899  25.396626 118.43827   42.411606] [[ 68.71526    50.04004    48.052074   38.138428 ]
 [ 17.500801   18.727776   16.064747   16.63582  ]
 [ 28.745678   19.732126   28.540478   27.939064 ]
 [ 21.39245    18.007177   18.93713    20.089426 ]
 [ 30.876204   30.898113   20.072033   20.948708 ]
 [ 11.503663   18.711021   14.097756   13.39036  ]
 [ 53.502693   36.22729    55.297794   50.83285  ]
 [ 15.6592045  11.964081   15.85567    14.150093 ]
 [ 35.511803   29.74014    21.556911   21.403858 ]
 [ 17.163551   24.801283   18.539797   18.729437 ]
 [ 28.47122    24.387959   23.09433    31.422903 ]
 [ 18.902891   15.961132   18.879751   17.522476 ]
 [ 24.04519    21.149513   22.072989   17.04226  ]
 [  7.9052143  15.766722   15.028964   11.9697275]
 [ 35.12724    23.44599    40.53648    37.33959  ]
 [ 19.155138   15.892721   22.421661   14.341584 ]
 [ 95.62076    74.01418    51.667408   47.58999  ]
 [ 13.62802    20.656178   13.536716   17.287308 ]
 [103.45616    83.9439     87.80114   103.244995 ]
 [ 14.927023   14.378222   14.569378   18.712097 ]
 [ 23.29044    26.088587   12.205309   17.108208 ]
 [ 11.1901455  19.316162   12.487616   14.625163 ]
 [ 35.601387   27.10484    32.154797   34.765446 ]
 [  9.740843    9.233302    9.196522   10.398978 ]
 [ 22.356403   23.106369   14.732209   16.862154 ]
 [ 13.470507   22.274176   15.030182   19.686537 ]
 [ 33.50295    30.546782   26.3073     40.60795  ]
 [ 10.4192     12.941699   12.393983   14.926553 ]
 [ 19.75937    19.478827   17.647793   14.947299 ]
 [  6.199125   14.613381   11.705521   10.66096  ]
 [ 31.192926   23.608927   34.002773   33.190468 ]
 [ 18.616156   16.442396   18.311197   14.411325 ]
 [  7.641869    5.234851    8.058223    6.062868 ]
 [  2.7454057   3.1176226   4.6200466   4.321925 ]
 [ 12.478024    8.907679   16.816984   17.728592 ]
 [  7.2274528   5.1910725  11.024313   10.518393 ]
 [  5.214827    5.4049506   4.719572    5.0480576]
 [  2.7121885   5.2589583   5.1757565   5.6923933]
 [ 27.271286   19.29581    36.05434    33.54123  ]
 [  7.782316    5.813104   11.513627    8.802276 ]
 [  7.9246936   7.0328655   7.1029654   6.4814854]
 [  3.968879    4.9216      7.8465376   6.746051 ]
 [ 14.925459   13.18563    15.174601   23.108849 ]
 [  5.430277    4.3557963   8.520488    7.359032 ]
 [  7.645193    7.3751197  10.931369    7.3539557]
 [  2.2705615   5.2297187   8.341757    5.5766883]
 [ 21.43408    16.164223   32.404404   33.11639  ]
 [ 10.0687065   8.092128   16.365234    9.945049 ]
 [  8.400344    7.0993094   7.8410606   7.1055336]
 [  3.096494    4.3391705   5.17888     6.7615576]
 [  8.79486     7.1787834  13.735072   17.00809  ]
 [  4.96949     4.627489    7.729494   11.025091 ]
 [  3.3443198   4.653982    1.4333942   4.2428846]
 [  2.5191457   5.669612    4.899962    6.4906964]
 [ 11.586149    9.024634   17.907797   18.031124 ]
 [  4.2681904   3.6727736   6.5188055   6.151851 ]
 [  7.902484    8.934843    8.377942    9.456458 ]
 [  5.275617    7.9237814   9.390316   12.068736 ]
 [ 13.0138035  14.141064   15.250866   26.047522 ]
 [  7.8733587   8.19782    12.241282   14.864789 ]
 [  4.3886623   4.978842    6.7382135   4.905181 ]
 [  2.5388088   7.02111     8.8739195   6.9627876]
 [ 25.085905   20.089148   36.117905   37.145317 ]
 [  9.67181     8.819915   14.226948    9.692933 ]]
